Durham
Location 426700E 541500N, Lat 54.768 Lon -1.585, 102 metres amsl
   yyyy  mm   tmax    tmin      af    rain     sun
              degC    degC    days      mm   hours
   1930   1    7.1     1.0      10    89.7    55.6
   1930   2    4.1    -0.6      14    42.3    34.4
   1930   3    7.6     0.3      12    62.4    96.5
   1930   4    9.8     3.7       0    54.9    78.7
   1930   5   13.0     4.5       2    38.6   159.6
   1930   6   18.7     8.4       0    29.2   191.7
   1930   7   17.9    10.4       0   183.9   130.3
   1930   8   19.1    10.2       0   113.2   172.5
   1930   9   15.1     8.8       0    77.7    83.3
   1930  10   12.5     5.8       0    50.0   111.9
   1930  11    8.3     1.5       9    80.0    96.3
   1930  12    6.0     0.0      14    63.8    28.1
   1931   1    5.3    -0.5      16    50.3    74.0
   1931   2    5.6    -0.3      15    30.5    67.4
   1931   3    6.4    -1.4      22    37.7   114.9
   1931   4   10.0     2.9       2    78.6   112.3
   1931   5   14.1     5.4       1    70.6   165.3
   1931   6   16.2     8.3       0    92.0   132.6
   1931   7   18.2    10.6       0   101.6    96.7
   1931   8   16.5     8.8       0    56.1   126.8
   1931   9   14.7     6.4       1    84.4    70.1
   1931  10   12.3     3.8       7    27.0   134.9
   1931  11    9.2     3.3       3    53.3    37.1
   1931  12    7.4     0.8      12    25.0    55.8
   1932   1    8.6     1.5      12    37.7    78.5
   1932   2    6.7     1.0       8    26.4    67.6
   1932   3    7.5     0.6       7    56.7    80.8
   1932   4    9.6     1.5       6    32.5   150.0
   1932   5   11.8     5.4       1   104.2    86.6
   1932   6   16.4     7.7       0    29.7   172.1
   1932   7   18.5    11.0       0   110.6   121.4
   1932   8   19.3    10.7       0    65.6   130.0
   1932   9   15.8     7.6       2    55.4   156.8
   1932  10   11.0     4.1       1   101.3    85.9
   1932  11    8.4     3.2       5    18.8    44.8
   1932  12    7.5     3.0       3    23.4    43.8
   1933   1    4.5    -1.2      16    42.5    40.5
   1933   2    6.1     0.6      11    85.3    63.3
   1933   3   11.0     1.8       7    27.2   162.5
   1933   4   12.2     4.4       2    26.4   104.6
   1933   5   13.8     6.5       0    59.3   100.9
   1933   6   19.1     8.9       0    36.4   225.0
   1933   7   21.8    11.9       0    44.7   192.2
   1933   8   21.5    11.4       0    24.1   199.1
   1933   9   18.0     9.4       0    54.2   131.8
   1933  10   12.6     6.0       0    79.0    78.7
   1933  11    8.0     2.8       3    90.5    44.6
   1933  12    4.2     0.0      15    50.0    22.5
   1934   1    7.1     1.1       6    30.1    73.4
   1934   2    8.4     1.6       8    10.9   101.6
   1934   3    8.1     0.7       7    64.6    96.8
   1934   4   10.2     3.1       3    94.0   107.3
   1934   5   15.0     5.4       0    32.9   184.2
   1934   6   17.8     8.5       0    53.3   161.6
   1934   7   21.7    11.4       0    55.5   224.0
   1934   8   18.9     9.6       0    61.8   173.8
   1934   9   18.2     8.3       0    43.0   150.5
   1934  10   12.9     6.3       1    79.4    95.2
   1934  11    8.6     3.3       5    60.6    45.2
   1934  12    9.0     4.5       1   104.0    17.8
   1935   1    7.1     1.1      10    57.2    40.0
   1935   2    8.0     1.9       6    81.3    44.3
   1935   3    9.5     2.9       4    15.2   100.2
   1935   4   10.2     3.2       4    81.3   106.0
   1935   5   12.6     4.1       3    20.4   170.9
   1935   6   18.2     9.1       0    71.1   149.4
   1935   7   21.4    10.6       0     7.7   229.5
   1935   8   21.4    10.7       0    50.6   165.8
   1935   9   16.1     7.9       0   135.1   139.0
   1935  10   12.4     4.7       3    91.9    74.7
   1935  11    8.6     3.0       2   103.2    33.9
   1935  12    4.6     0.4      14    45.2    54.1
   1936   1    5.1     0.6       9    86.6    59.5
   1936   2    4.6    -1.5      15    87.7    66.5
   1936   3    9.0     2.9       3    59.4    54.2
   1936   4    9.8     1.5       6    37.0   168.7
   1936   5   13.9     5.7       0    42.3   152.7
   1936   6   17.9     7.8       0    88.1   181.4
   1936   7   18.9    11.0       0    77.0   127.2
   1936   8   20.4    10.9       0    52.4   194.1
   1936   9   16.8    10.4       0    68.6    75.5
   1936  10   12.9     4.9       1    34.5    92.6
   1936  11    8.6     1.7       6    62.0    62.0
   1936  12    7.6     1.7       9    45.0    55.4
   1937   1    6.7     1.6      10    69.6    40.3
   1937   2    6.8     1.1       6    77.2    85.0
   1937   3    5.4    -0.4      17    78.9    63.7
   1937   4   10.8     4.4       2    56.4    71.3
   1937   5   15.4     6.6       0    70.5   158.8
   1937   6   17.5     9.1       0    43.2   133.4
   1937   7   19.7    11.4       0    79.8   118.8
   1937   8   20.2    11.0       0    38.0   139.1
   1937   9   16.5     7.7       0    39.8   118.2
   1937  10   13.0     6.0       0    42.2    61.9
   1937  11    8.1     3.0       6    34.1    46.9
   1937  12    4.4    -0.4      13   161.4    30.2
   1938   1    7.8     2.5       2    50.4    60.3
   1938   2    7.4     2.2       5    28.5    47.0
   1938   3   13.1     5.6       1     7.6   100.4
   1938   4   11.6     2.8       7     2.2   116.8
   1938   5   14.0     4.8       4    87.0   148.6
   1938   6   17.6     8.8       0    68.6   188.7
   1938   7   18.6    10.0       0    58.6   127.2
   1938   8   18.9    10.3       0    40.3   139.3
   1938   9   17.2     8.7       0    61.0    87.2
   1938  10   13.0     6.2       0    79.9   102.2
   1938  11   10.9     5.0       1    59.5    79.4
   1938  12    6.2     1.4       7   105.3    41.1
   1939   1    5.4     0.6      15   121.8    42.1
   1939   2    8.2     2.3       3    18.5    65.4
   1939   3    8.7     2.0       3    72.3   112.4
   1939   4   11.9     3.9       1    28.4   166.6
   1939   5   15.2     5.6       1    33.8   181.5
   1939   6   18.3     7.9       0    63.0   190.2
   1939   7   19.0    10.4       0    79.0   125.0
   1939   8   19.7    11.5       0   109.0   118.5
   1939   9   17.2     9.3       0    35.0    96.0
   1939  10   11.7     4.1       3   142.6   100.0
   1939  11   10.3     4.5       0    63.4    61.5
   1939  12    5.8     1.3       9    32.2    44.0
   1940   1    1.6    -4.6      28    40.9    56.6
   1940   2    3.4    -0.8      15    50.8    30.6
   1940   3    9.0     1.5      11    46.8   113.2
   1940   4   10.7     2.7       5    39.6   106.4
   1940   5   16.5     5.6       0    39.7   215.7
   1940   6   22.3     9.2       0    33.2   297.0
   1940   7   18.6     9.0       0   133.4   138.6
   1940   8   18.7     9.5       0    21.2   158.6
   1940   9   16.1     7.1       0    33.0   176.0
   1940  10   11.5     5.8       1    77.9    66.7
   1940  11    8.9     3.3       3    88.1    61.7
   1940  12    5.9     1.4       5    53.3    39.9
   1941   1    1.8    -2.7      18    85.2    28.5
   1941   2    4.5    -1.6      15   152.5    70.3
   1941   3    7.1    -0.1      15    63.8    81.6
   1941   4    8.9     2.1       4    27.0   101.1
   1941   5   12.8     3.9       3    30.1   131.0
   1941   6   18.6     9.0       0    21.7   186.3
   1941   7   22.0    11.5       0    36.3   154.8
   1941   8   18.2     9.8       0    58.2   154.0
   1941   9   18.4     9.9       0    12.8    88.4
   1941  10   13.3     5.8       1    90.8    98.7
   1941  11    8.8     2.5       4    88.3    45.5
   1941  12    8.8     2.8       6    14.5    54.0
   1942   1    3.0    -1.7      21    49.3    12.5
   1942   2    2.8    -3.4      26    42.2    40.2
   1942   3    7.6    -0.6      19    27.3    77.8
   1942   4   12.3     2.6       3    20.5   203.3
   1942   5   14.8     4.2       4    39.2   211.0
   1942   6   18.6     7.9       0    28.5   172.7
   1942   7   19.3     9.3       0    76.1   177.5
   1942   8   19.6    11.1       0    51.2    95.6
   1942   9   17.0     8.0       1    67.3   151.6
   1942  10   14.0     6.0       1    43.4   106.5
   1942  11    8.4     1.7       6    16.8    49.8
   1942  12    8.3     1.4       9    52.8    28.1
   1943   1    5.8    -0.5      15    80.1    48.5
   1943   2    9.7     1.0       9    19.1   115.4
   1943   3   10.7     1.1      10    16.2   131.8
   1943   4   14.0     4.5       2    24.5   156.4
   1943   5   16.1     4.9       2    58.3   193.8
   1943   6   18.3     8.3       0    29.9   170.6
   1943   7   19.7     9.0       0    39.3   182.2
   1943   8   18.8     9.6       0    98.4   120.5
   1943   9   16.6     7.3       0    87.2   132.1
   1943  10   13.6     5.1       1    42.3    87.8
   1943  11    8.4     2.3       7    44.5    73.4
   1943  12    7.0     0.4      11    29.9    54.3
   1944   1    8.7     1.6      10    22.5    51.4
   1944   2    6.4     0.2      11    55.1    49.9
   1944   3    9.5     0.5      11     9.7   116.1
   1944   4   13.7     4.1       1    54.4   125.9
   1944   5   15.0     4.9       1    43.9   145.1
   1944   6   16.9     7.2       0    54.4   156.6
   1944   7   19.2    10.4       0    86.4    75.3
   1944   8   20.4    11.1       0    36.5   144.6
   1944   9   16.0     6.9       0   131.4   129.7
   1944  10   11.8     5.1       0    82.5    89.9
   1944  11    8.5     2.3       2   126.2    64.8
   1944  12    6.1     1.2      11    34.1    44.5
   1945   1    3.5    -2.5      20    92.8    57.2
   1945   2    9.8     3.3       3    36.9    79.2
   1945   3   12.5     2.8       8    11.6   119.1
   1945   4   13.8     4.0       3    32.8   181.7
   1945   5   15.6     6.1       2    78.2   173.8
   1945   6   17.9     9.1       0    53.6   184.0
   1945   7   21.3    11.4       0    40.9   199.5
   1945   8   19.6    10.6       0    85.5   135.8
   1945   9   18.0     9.1       0    48.2   140.1
   1945  10   15.3     7.0       0    93.8   105.1
   1945  11   10.0     4.7       1    22.3    46.4
   1945  12    6.7     1.8       6    34.3    42.3
   1946   1    5.1    -0.4      14    33.3    42.5
   1946   2    8.4     2.2       8     8.1   100.2
   1946   3    8.8     1.4      12    35.9   102.9
   1946   4   13.9     4.6       1    46.0   150.6
   1946   5   13.4     4.8       0    55.4   156.3
   1946   6   17.2     7.9       0    43.7   184.4
   1946   7   20.3    10.8       0    75.8   171.1
   1946   8   18.0     9.4       0    91.9   124.1
   1946   9   16.3     9.0       0   100.4   101.9
   1946  10   11.6     5.9       3    41.1    59.3
   1946  11    9.9     4.7       0   121.4    34.9
   1946  12    5.7     0.7      11    69.6    53.2
   1947   1    4.7     0.1      14    48.0    40.0
   1947   2    0.6    -2.9      26    80.5    42.8
   1947   3    4.7    -1.1      16    97.9    69.6
   1947   4   11.1     4.0       2    87.7   149.6
   1947   5   16.7     6.6       0    49.6   169.9
   1947   6   18.5    10.1       0    47.8   144.5
   1947   7   20.2    12.0       0    56.2   173.8
   1947   8   23.0    11.4       0     7.7   234.5
   1947   9   19.1     8.8       0    42.7   146.2
   1947  10   14.6     6.5       0    14.0    89.4
   1947  11    9.0     2.7       8    52.7   120.0
   1947  12    7.4     2.2       7    38.3    46.9
   1948   1    6.2     1.6       4   188.0    35.5
   1948   2    6.9     1.7       5    29.1    66.6
   1948   3   11.9     3.1       3    20.2   145.1
   1948   4   12.9     3.8       0    35.1   168.8
   1948   5   14.9     4.6       4    29.2   201.1
   1948   6   16.2     8.2       0    83.7   170.9
   1948   7   19.2    10.5       0    42.8   150.6
   1948   8   17.4    10.0       0    96.8   110.5
   1948   9   16.6     9.0       0    98.8   110.8
   1948  10   13.5     5.6       3    39.5    91.6
   1948  11    9.4     3.4       7    34.1    61.3
   1948  12    7.2     1.6       9    58.0    49.0
   1949   1    7.9     1.1      11    14.5    65.1
   1949   2    8.6     1.7       6    12.6   108.4
   1949   3    8.3     1.3      11    28.3   115.1
   1949   4   14.0     5.6       0    38.7   158.7
   1949   5   15.9     5.1       0    15.5   208.9
   1949   6   19.5     7.9       0    33.0   250.9
   1949   7   21.2    11.2       0    50.8   198.4
   1949   8   20.5    11.3       0    44.5   157.8
   1949   9   19.4    11.1       0    20.0   106.5
   1949  10   14.5     7.3       2    61.9    92.2
   1949  11    8.9     3.3       2   100.2    55.7
   1949  12    7.9     2.3       4    52.0    59.1
   1950   1    6.4     1.8      11    41.6    22.8
   1950   2    7.0     0.8       9    76.8    95.9
   1950   3   11.1     2.8       2    20.8   148.4
   1950   4   10.6     2.6       6    33.2   132.4
   1950   5   12.9     5.9       0    37.9   115.4
   1950   6   20.6     9.8       0    19.6   234.1
   1950   7   19.8    10.9       0   100.4   167.8
   1950   8   18.9     9.8       0   122.3   148.8
   1950   9   15.6     8.4       0   106.8   114.1
   1950  10   12.8     5.9       2    22.9   101.1
   1950  11    8.3     2.5       4   140.8    66.1
   1950  12    3.3    -1.2      18    80.6    43.9
   1951   1    5.5    -0.1      14    29.2    62.6
   1951   2    5.9     0.2       9    61.9    69.0
   1951   3    7.1    -0.3      19    85.5    88.5
   1951   4   10.3     1.7       4    28.6   161.3
   1951   5   11.8     4.6       0    99.5   123.5
   1951   6   16.8     7.4       0    23.0   193.4
   1951   7   20.3    10.7       0    43.2   159.9
   1951   8   18.1    10.0       0   105.5   131.3
   1951   9   17.5     8.9       0    26.8   143.3
   1951  10   13.3     5.9       2    44.5    97.6
   1951  11   10.5     5.0       2   140.4    64.7
   1951  12    7.3     1.3      10    56.8    55.6
   1952   1    4.2    -0.8      15    42.3    72.9
   1952   2    6.9     0.5      13    10.7    84.9
   1952   3    8.8     2.2       6    30.6    83.8
   1952   4   13.3     3.7       3    43.4   154.6
   1952   5   17.4     7.4       0    27.0   209.9
   1952   6   18.8     8.7       0    29.6   188.7
   1952   7   20.9    11.1       0    16.0   205.3
   1952   8   19.5    10.7       0    55.7   183.6
   1952   9   14.2     6.8       0   107.3    95.5
   1952  10   11.5     5.3       1    73.4   113.3
   1952  11    6.6     1.1       8    78.0    77.9
   1952  12    5.1     0.2      12    56.9    57.7
   1953   1    6.8     1.5       7    13.4    49.1
   1953   2    7.3     1.6      11    51.4    63.6
   1953   3   11.9     0.6      10     1.3   155.5
   1953   4   10.3     1.8       6    51.0   149.6
   1953   5   16.5     7.5       0    42.2   188.0
   1953   6   16.6     8.6       0    60.7   107.5
   1953   7   18.6    10.4       0    58.3   142.6
   1953   8   19.9    10.6       0   129.1   166.7
   1953   9   17.6     9.1       0    30.8   131.8
   1953  10   12.7     4.5       1    41.3    88.5
   1953  11   10.3     5.3       0    25.0    46.1
   1953  12    8.4     3.4       4    17.4    33.9
   1954   1    5.1     0.2      14    56.7    36.4
   1954   2    3.9    -1.3      15    48.0    41.7
   1954   3    7.7     1.5       4    33.6    71.4
   1954   4   11.1     2.7       4    10.1   130.9
   1954   5   14.2     6.4       0   120.0   129.7
   1954   6   15.8     8.9       0    40.3   118.3
   1954   7   17.7     9.7       0    47.0   142.0
   1954   8   16.8    10.0       0   124.7   101.5
   1954   9   16.0     6.9       1    49.2   160.6
   1954  10   14.1     7.5       0   106.4    74.2
   1954  11    9.1     3.1       2    90.7    75.9
   1954  12    8.7     2.9       7    54.3    51.2
   1955   1    3.9    -0.7      13    54.0    40.6
   1955   2    2.9    -2.2      18    60.7    69.5
   1955   3    6.3    -0.7      16    42.4   129.2
   1955   4   13.3     4.1       2    14.1   155.8
   1955   5   12.5     4.1       0    41.1   196.1
   1955   6   15.8     7.7       0    63.8   175.0
   1955   7   22.1    10.7       0    24.7   254.5
   1955   8   21.2    11.6       0    15.6   166.9
   1955   9   18.0     8.9       0    18.6   156.6
   1955  10   12.8     4.5       4    35.5   127.3
   1955  11    9.3     4.4       4    44.6    43.0
   1955  12    6.9     1.3      10    69.1    56.5
   1956   1    5.3    -0.3      15    82.5    67.5
   1956   2    3.3    -3.1      22    54.1    48.7
   1956   3    8.2     1.6       8    12.7   111.6
   1956   4   10.2     0.7      11    18.9   132.4
   1956   5   16.1     5.8       0    13.7   214.6
   1956   6   16.0     7.9       0    81.2   140.3
   1956   7   18.2    10.9       0    47.2   152.5
   1956   8   16.1     8.6       0   175.7   115.9
   1956   9   16.5     9.3       0    48.4    89.1
   1956  10   12.9     5.8       0    33.6   121.8
   1956  11    8.6     2.9       4    16.3    62.5
   1956  12    7.5     2.3      11    44.0    26.4
   1957   1    7.8     2.2       6    43.5    51.3
   1957   2    7.1     0.2      13    57.2    91.7
   1957   3   11.2     4.4       3    25.9    87.7
   1957   4   11.9     3.1       4     6.9   122.6
   1957   5   13.9     4.8       2    39.5   179.0
   1957   6   19.3     7.7       0    32.8   253.5
   1957   7   18.6    11.9       0    76.7    97.7
   1957   8   17.7    10.8       0    77.1   110.5
   1957   9   14.9     7.5       0    85.7   118.4
   1957  10   13.6     5.6       2    38.0    84.3
   1957  11    9.0     4.0       2    32.5    61.1
   1957  12    6.9     1.2       9    34.4    43.2
   1958   1    5.0    -0.8      14    34.9    74.9
   1958   2    6.2     0.4      14    94.1    66.6
   1958   3    5.5    -0.7      18    55.3    89.0
   1958   4   10.8     2.5       9    30.3   114.5
   1958   5   13.6     5.0       1    91.8   136.3
   1958   6   15.8     8.2       0    71.9   103.5
   1958   7   19.1    10.2       0    51.2   154.3
   1958   8   19.1    10.6       0    62.6   127.5
   1958   9   17.7     9.9       0    43.8   109.0
   1958  10   13.7     5.8       0    34.2   121.4
   1958  11    8.7     2.3       7    12.2    54.4
   1958  12    6.3     1.7       6    82.5    34.0
   1959   1    3.6    -2.2      25    50.7    94.0
   1959   2    6.9     0.8      13    15.1    35.9
   1959   3    9.8     3.1       1    14.5    69.3
   1959   4   13.0     3.7       4    38.2   129.7
   1959   5   16.4     6.1       0    13.3   199.7
   1959   6   19.0     9.1       0    61.1   184.7
   1959   7   21.4    10.9       0    31.1   190.3
   1959   8   21.7    11.2       0     6.4   185.7
   1959   9   19.4     7.8       0    17.7   162.3
   1959  10   15.7     7.5       0    25.0   116.2
   1959  11    9.5     3.2       4    89.6    45.5
   1959  12    7.6     2.2       1    77.1    25.8
   1960   1    6.0     0.4      14   107.5    44.4
   1960   2    5.9    -0.2      15    57.1    78.0
   1960   3    7.2     2.6       1    44.3    62.5
   1960   4   13.1     3.8       2    27.3   137.8
   1960   5   16.1     6.2       1    49.8   188.0
   1960   6   20.1     9.6       0     5.3   237.6
   1960   7   18.4     9.8       0    84.4   130.1
   1960   8   18.4     9.5       0    59.3   155.2
   1960   9   16.2     8.5       0    56.3    99.5
   1960  10   12.1     7.1       0   172.4    40.9
   1960  11    8.7     2.6       2    71.0    53.6
   1960  12    6.0     0.8       9    48.6    53.5
   1961   1    5.5     0.1      10   103.4    48.6
   1961   2    9.2     2.7       3    28.4    81.1
   1961   3   12.3     3.8       1    23.4   133.7
   1961   4   11.9     4.8       2    59.7    81.6
   1961   5   13.8     5.8       0    48.4   158.8
   1961   6   18.1     8.9       0    47.6   148.8
   1961   7   18.0     9.9       0    93.4   106.5
   1961   8   19.2     9.6       0    81.9   164.5
   1961   9   18.4     9.6       0    40.6   124.2
   1961  10   13.3     6.2       0    76.5    92.6
   1961  11    8.3     2.4       7    26.5    65.9
   1961  12    4.0    -1.8      20    80.0    29.2
   1962   1    6.9     0.7       9    48.7    78.5
   1962   2    7.5     1.3       7    20.6    71.5
   1962   3    5.7    -1.8      18    27.4   103.5
   1962   4   11.3     2.7       1    52.9   161.6
   1962   5   13.8     5.5       1    59.0   177.8
   1962   6   17.5     7.5       0    20.9   204.3
   1962   7   17.2     9.2       0    58.1   116.0
   1962   8   17.3     9.3       0    64.0   170.2
   1962   9   15.7     7.9       0    70.2    92.2
   1962  10   13.8     6.2       2    13.2    99.1
   1962  11    7.9     1.4       9    72.8    66.0
   1962  12    4.7    -2.2      23    67.6    69.0
   1963   1    2.1    -3.2      28    74.4    56.2
   1963   2    1.5    -3.9      28    71.8    59.9
   1963   3    8.2     1.2       8    42.7   108.8
   1963   4   11.4     4.4       0    41.7   125.8
   1963   5   14.1     5.7       0    24.6   154.9
   1963   6   17.5     9.6       0    77.7   147.0
   1963   7   18.6     9.8       0    33.3   150.1
   1963   8   17.2     9.2       0    93.7   119.7
   1963   9   16.7     7.3       0    45.2   183.2
   1963  10   13.6     6.3       0    33.4   102.7
   1963  11    9.2     4.0       3    96.8    42.5
   1963  12    5.7     0.2      10    37.3    33.3
   1964   1    6.3     0.1      16    10.8    64.2
   1964   2    6.7     0.6      12    25.0    60.3
   1964   3    5.2     0.8      10    92.9    33.1
   1964   4   12.1     4.7       1    51.8   121.4
   1964   5   16.7     7.4       0    24.6   212.4
   1964   6   16.7     8.8       0    66.6   142.0
   1964   7   19.2    10.2       0    41.5   162.2
   1964   8   19.0     9.7       0    44.0   153.4
   1964   9   18.0     8.2       0    39.5   146.0
   1964  10   12.5     4.5       1    36.9    94.6
   1964  11    9.9     2.9       8    28.7    66.5
   1964  12    5.5    -1.3      19    54.9    44.5
   1965   1    5.5    -0.5      14    90.7    64.3
   1965   2    6.1     0.7       8    26.8    40.4
   1965   3    7.7    -0.4      16    51.2   103.4
   1965   4   11.9     2.6       4    60.3   169.7
   1965   5   14.5     5.7       1    60.7   141.0
   1965   6   18.3     8.5       0    35.4   155.6
   1965   7   16.9     8.3       0    93.9    86.9
   1965   8   18.2     8.7       0    55.0   147.5
   1965   9   15.3     8.4       0    95.6    72.4
   1965  10   13.7     6.3       1    20.4    75.6
   1965  11    6.2     0.6      16   186.1    56.7
   1965  12    5.5    -0.4      10    38.5    54.2
   1966   1    3.9    -0.8      19    50.6    24.4
   1966   2    6.0     0.6      12    98.6    35.2
   1966   3   10.2     2.2       6     9.6   116.1
   1966   4    7.9     2.3       6    79.9    81.0
   1966   5   15.1     5.3       0    57.0   180.7
   1966   6   18.5    10.0       0    62.5   112.2
   1966   7   18.7     9.5       0    67.5   165.9
   1966   8   17.3     9.8       0   112.6   113.6
   1966   9   17.1     9.3       0    27.1   108.4
   1966  10   12.6     5.7       0   100.9    64.5
   1966  11    8.4     2.2       4    49.1    58.4
   1966  12    6.7     0.9       8    49.6    63.5
   1967   1    6.3     0.2      12    32.3    77.6
   1967   2    7.8     2.2       6    53.0    80.8
   1967   3    9.6     3.2       3    23.5   153.6
   1967   4   11.5     3.2       3    37.9   113.6
   1967   5   12.6     4.8       2    97.9   119.7
   1967   6   17.9     8.0       0    34.6   166.9
   1967   7   19.3    10.5       0    69.3   160.2
   1967   8   19.0    10.2       0   115.3   144.2
   1967   9   16.6     8.5       0    52.8   102.1
   1967  10   12.8     6.1       0    87.0   107.5
   1967  11    8.5     0.8       9    81.3    71.4
   1967  12    7.0     0.2      13    34.3    72.8
   1968   1    6.4     0.2      15    25.2    48.4
   1968   2    4.6    -2.0      23    54.2    69.3
   1968   3    9.7     2.1       8    30.1   107.8
   1968   4   12.2     2.2      11    47.7   181.0
   1968   5   12.7     3.6       3    49.3   121.2
   1968   6   18.6     8.4       0    50.6   198.2
   1968   7   16.8     9.6       0   102.4    81.9
   1968   8   17.8    10.7       0    42.2   103.0
   1968   9   17.0     9.2       0   113.6   114.6
   1968  10   14.6     8.6       0    65.0    71.8
   1968  11    7.8     3.9       1    65.6    30.1
   1968  12    4.6     0.4      13    97.3    33.2
   1969   1    7.1     1.0      11    47.9    43.5
   1969   2    3.0    -2.6      20    88.5    72.6
   1969   3    5.0    -0.5      16    85.9    63.5
   1969   4   10.7     2.1       6    45.5   154.8
   1969   5   13.1     5.9       0   102.0   103.4
   1969   6   18.1     8.1       0    78.0   202.5
   1969   7   20.4    11.4       0    44.3   176.8
   1969   8   19.9    11.7       0    35.8   140.3
   1969   9   17.1     9.9       0    58.4    98.9
   1969  10   15.7     8.7       0     9.6    94.3
   1969  11    6.9     1.0      12   116.9    76.6
   1969  12    5.0     0.3      13    45.7    28.7
   1970   1    5.0    -0.2      14    90.1    38.9
   1970   2    5.5    -1.2      14    47.7   114.1
   1970   3    7.5    -0.3      13    32.4   148.7
   1970   4    9.7     2.0      10    49.4   140.2
   1970   5   16.0     7.2       0    22.7   181.8
   1970   6   20.3     9.5       0    18.6   245.1
   1970   7   18.4    10.8       0    46.7   151.2
   1970   8   20.1    11.3       0    63.5   172.8
   1970   9   17.4    10.0       0    34.3   123.2
   1970  10   13.9     6.3       0    22.8   119.9
   1970  11    9.2     3.0       5    62.6    67.2
   1970  12    6.6     2.0       6    72.1    53.2
   1971   1    6.3     1.2      11    45.8    26.9
   1971   2    7.8     1.3       7    16.7    83.4
   1971   3    8.2     1.8       9    62.0    91.0
   1971   4   10.7     3.5       3    48.8   120.2
   1971   5   15.5     5.9       1    47.7   258.8
   1971   6   14.8     7.6       0    59.0   139.0
   1971   7   20.7    11.1       0    32.3   203.4
   1971   8   18.2    10.9       0   127.7   123.4
   1971   9   18.2     9.3       0    12.8   140.4
   1971  10   14.4     6.5       5    20.9    98.9
   1971  11    8.4     2.6      11    47.7    65.4
   1971  12    9.1     3.9       4    19.7    27.6
   1972   1    5.1     1.2      10   116.0    33.1
   1972   2    5.7     1.0       6    56.0    33.4
   1972   3    8.9     1.9       4    51.9    99.8
   1972   4   11.7     4.4       1    30.6   108.3
   1972   5   13.9     5.8       0    57.3   140.1
   1972   6   15.4     7.2       0    59.6   126.6
   1972   7   19.0     9.8       0    50.9   144.1
   1972   8   18.8    10.1       0    14.6   169.1
   1972   9   15.5     6.9       0    23.8   111.3
   1972  10   13.5     5.9       1    11.9    84.9
   1972  11    8.5     2.4       7    52.7    66.4
   1972  12    7.0     1.7       8    26.0    24.7
   1973   1    6.3     1.7      10    27.3    37.9
   1973   2    7.7     0.8      11    12.1   103.6
   1973   3   10.7     2.3       5     9.1   114.8
   1973   4    9.7     2.3       6    70.5   121.5
   1973   5   14.1     6.2       0    56.8   163.2
   1973   6   18.8     9.9       0    35.2   169.1
   1973   7   19.2    10.6       0    78.3   125.0
   1973   8   19.0    10.1       0    66.2   159.3
   1973   9   16.7     8.9       0    48.8   119.3
   1973  10   11.8     5.2       1    41.0    71.7
   1973  11    7.9     1.7      10    21.6    89.3
   1973  12    7.0     0.5      12    36.5    65.4
   1974   1    7.7     1.8       5    74.7    49.1
   1974   2    7.5     2.1       7    45.3    57.2
   1974   3    7.7     1.6       7    52.3    98.5
   1974   4    9.6     2.6       3    16.5    96.0
   1974   5   15.1     5.7       1    19.7   188.9
   1974   6   16.7     7.9       1    34.4   150.4
   1974   7   18.2     9.8       0    65.4   137.0
   1974   8   18.5     9.8       0    48.4   160.1
   1974   9   15.0     7.4       0    65.4   114.9
   1974  10   10.0     4.4       0    76.1    63.6
   1974  11    8.5     2.9       4    55.1    66.8
   1974  12    9.6     3.6       4    35.7    61.5
   1975   1    8.8     2.4       6    43.9    61.5
   1975   2    6.3     0.8      12    21.6    39.9
   1975   3    7.6     0.7      13    45.0    94.9
   1975   4   11.6     3.7       5    59.5   117.7
   1975   5   12.2     3.7       1    49.6   156.0
   1975   6   18.6     7.8       0    24.8   218.8
   1975   7   20.1    11.7       0    61.5   144.3
   1975   8   22.8    12.4       0    84.5   223.7
   1975   9   16.1     7.9       0    78.6   122.5
   1975  10   12.5     5.1       3    20.5    88.5
   1975  11    8.7     2.0       7    34.2    73.5
   1975  12    8.4     2.3       3    22.5    63.4
   1976   1    7.4     2.1      10    46.2    53.0
   1976   2    6.5     1.7       5    17.5    40.6
   1976   3    7.1     1.1       8    26.0   100.6
   1976   4   10.7     3.5       4    31.4   105.9
   1976   5   14.5     6.5       0    78.9   119.0
   1976   6   20.3    10.4       0    24.9   212.6
   1976   7   22.1    10.7       0    30.0   236.7
   1976   8   21.9     9.9       0    18.4   220.5
   1976   9   15.4     8.6       0   193.2    59.4
   1976  10   12.8     6.7       0   142.6    70.2
   1976  11    8.0     1.5      11    22.8    61.2
   1976  12    4.0    -0.5      16    50.9    47.9
   1977   1    4.5    -0.8      17   101.0    52.4
   1977   2    5.9     0.9       6    63.6    49.4
   1977   3    9.2     2.7       5    54.8    73.6
   1977   4   10.3     2.6       5    33.0   158.2
   1977   5   13.6     4.7       1    35.3   197.7
   1977   6   15.9     7.2       0    63.4   158.7
   1977   7   18.8    10.3       0     9.4   135.8
   1977   8   18.6    10.1       0    37.8   141.0
   1977   9   16.1     8.5       0    16.3    86.0
   1977  10   13.5     7.7       0    41.5    70.0
   1977  11    8.4     2.9       4    74.2    76.8
   1977  12    7.4     2.8       4    63.9    32.2
   1978   1    4.8    -0.9      17    80.8    60.1
   1978   2    3.7    -2.0      19    71.3    49.6
   1978   3    9.9     2.8       4    29.5   108.4
   1978   4    9.4     2.4       5    34.4    97.7
   1978   5   15.4     6.0       0    53.1   178.5
   1978   6   17.0     8.5       0    32.8   150.6
   1978   7   17.8     9.8       0    61.4   139.2
   1978   8   17.7    10.7       0    92.7   105.2
   1978   9   16.6    10.0       0    51.4   110.1
   1978  10   14.5     8.3       0    20.3    89.8
   1978  11   10.7     4.7       5    24.7    64.7
   1978  12    4.7     0.1      14   195.5     9.7
   1979   1    2.4    -3.5      23    49.6    60.6
   1979   2    2.8    -1.1      18    30.6    49.2
   1979   3    6.4     0.9      13   166.0    90.6
   1979   4   10.0     3.4       1    44.7    92.5
   1979   5   12.8     4.6       4    96.5   150.3
   1979   6   17.8     9.1       0    49.3   166.2
   1979   7   19.6    11.0       0    25.3   160.4
   1979   8   18.0     9.8       0    67.3   122.4
   1979   9   16.7     8.4       0    39.2   152.2
   1979  10   13.5     7.5       0    54.5    84.3
   1979  11    9.4     2.8       7    69.1    80.4
   1979  12    6.9     2.4       8    91.0    46.5
   1980   1    4.0    -0.1      18    66.2    42.8
   1980   2    6.8     2.3       5    55.4    35.6
   1980   3    6.9     0.7       9    95.6    95.8
   1980   4   12.4     4.1       3    16.5   156.1
   1980   5   14.6     4.6       1    37.4   198.8
   1980   6   16.6     9.0       0   191.4   140.0
   1980   7   18.0    10.0       0    55.7   125.3
   1980   8   18.9    10.9       0    92.7   132.4
   1980   9   17.5    10.0       0    27.0   124.8
   1980  10   11.5     4.7       2    67.2    98.1
   1980  11    8.8     3.8       6    61.8    50.2
   1980  12    8.1     2.7       7    41.8    53.9
   1981   1    7.1     0.1      20    28.3    63.1
   1981   2    5.5     0.3      13    31.7    59.0
   1981   3    9.6     3.1       5   113.5    65.6
   1981   4   10.8     3.1       3    49.7   137.6
   1981   5   15.1     6.3       2    47.7   159.1
   1981   6   16.5     8.8       0    25.6   175.0
   1981   7   19.2    10.6       0    36.4   148.0
   1981   8   20.3    10.8       0    33.5   165.0
   1981   9   18.3     9.5       0   117.2   154.5
   1981  10   10.9     3.3       5    95.0   146.1
   1981  11   10.5     3.7       3    56.6    69.2
   1981  12    2.9    -3.3      21    58.1    57.5
   1982   1    4.8    -2.1      14    64.6    58.6
   1982   2    7.4     1.5       7    11.4    63.0
   1982   3    9.3     1.8       6    29.6   154.3
   1982   4   13.1     3.6       3    11.8   168.1
   1982   5   15.5     5.5       3    26.5   223.0
   1982   6   17.0     9.8       0   113.7   107.4
   1982   7   19.2    11.2       0    25.5   153.8
   1982   8   19.3    11.2       0    59.5   162.2
   1982   9   18.0     8.7       0    34.3   162.3
   1982  10   12.2     6.4       1    89.8    51.6
   1982  11    9.3     4.4       2    68.8    61.7
   1982  12    6.3     0.2      15    49.6    52.3
   1983   1    8.5     2.9       5    30.3    82.6
   1983   2    4.2    -1.2      17    52.3    75.6
   1983   3    9.0     2.9       2    58.6   103.2
   1983   4    9.3     2.0       8   102.6   119.0
   1983   5   12.1     5.5       0   102.4   104.4
   1983   6   17.0     8.7       0    38.4   165.5
   1983   7   22.9    12.6       0    20.2   195.6
   1983   8   21.1    11.4       0    41.9   189.2
   1983   9   16.1     9.1       0    61.4   117.1
   1983  10   13.2     6.2       3    36.2   124.1
   1983  11    9.2     4.2       6    33.0    53.3
   1983  12    8.1     2.2       7    98.1    48.5
   1984   1    4.8    -0.5      20    83.7    58.8
   1984   2    5.6     0.4      12    27.7    53.9
   1984   3    6.9     1.9       4    52.2    51.3
   1984   4   12.4     2.5       7    12.9   207.4
   1984   5   13.9     4.4       3    30.7   184.9
   1984   6   17.7     9.2       0    36.8   159.5
   1984   7   21.2    10.4       0    21.4   202.8
   1984   8   20.9    10.8       0    55.7   165.1
   1984   9   16.0     9.3       0    96.3    98.8
   1984  10   14.1     6.8       0    39.8   128.4
   1984  11    9.5     5.2       0   134.3    57.1
   1984  12    7.1     1.6       8    23.9    41.8
   1985   1    3.3    -1.5      22    82.0    37.0
   1985   2    5.5    -1.4      19     5.7    78.0
   1985   3    7.7     0.6      12    62.1   128.6
   1985   4   11.0     4.0       4    74.8   114.3
   1985   5   13.5     5.9       0    63.9   125.5
   1985   6   15.9     6.9       0    34.6   153.7
   1985   7   19.0    10.7       0    59.6   134.7
   1985   8   17.6    10.2       0    81.5   152.1
   1985   9   17.5     9.5       0    51.9   115.9
   1985  10   14.1     7.5       1    21.2   109.7
   1985  11    6.4     0.2      12    68.1    87.8
   1985  12    7.5     2.3      12    40.5    41.9
   1986   1    5.0    -0.3      14    63.1    63.8
   1986   2    1.8    -3.0      23    37.6    56.8
   1986   3    7.8     0.8      11    38.8   135.7
   1986   4    8.4     1.7       5   109.5   110.2
   1986   5   14.4     6.7       0    65.5   203.1
   1986   6   18.1     8.9       0    32.1   179.5
   1986   7   19.2    10.8       0    24.2   133.4
   1986   8   15.9     8.7       0   169.1   112.1
   1986   9   16.2     6.4       0    28.0   192.7
   1986  10   13.7     6.3       0    31.0   138.5
   1986  11   10.5     4.3       1    36.2    89.6
   1986  12    7.8     2.4       2    74.2    52.6
   1987   1    2.9    -1.5      18    39.1    52.1
   1987   2    6.5     0.2      12    34.7    69.7
   1987   3    7.2     0.5      14    81.2    99.6
   1987   4   13.5     5.0       0    59.4   155.2
   1987   5   13.3     4.9       0    42.7   163.7
   1987   6   15.1     7.7       0    92.4    89.4
   1987   7   19.0    11.1       0    84.9   143.4
   1987   8   18.3    11.1       0    53.7   117.2
   1987   9   16.7     8.6       0    46.2   168.5
   1987  10   11.8     5.1       3    99.6    86.9
   1987  11    8.9     3.4       3    61.3    54.3
   1987  12    8.2     3.0       7    34.7    25.4
   1988   1    7.0     1.3       7    79.8    54.5
   1988   2    7.5     1.4       7    34.4   112.8
   1988   3    9.1     1.7       9    54.5   114.3
   1988   4   11.6     3.8       5    26.0   126.2
   1988   5   14.8     5.9       0    58.0   174.3
   1988   6   18.4     9.4       0    16.2   189.5
   1988   7   17.9    10.4       0   115.1   163.3
   1988   8   19.3    10.2       0    46.0   199.5
   1988   9   16.6     8.5       0    44.3   162.6
   1988  10   13.0     6.7       3    75.8    98.8
   1988  11    9.0     2.0       6    64.7    87.8
   1988  12   10.1     4.4       0    27.9    62.7
   1989   1    9.5     3.1       2     7.2    66.8
   1989   2    8.6     2.1       9    47.6    90.0
   1989   3   10.8     2.2       7    20.7   131.3
   1989   4    9.7     2.3       5    50.3   136.9
   1989   5   16.5     6.3       0     7.7   246.0
   1989   6   19.0     8.0       0    52.1   224.0
   1989   7   22.5    11.2       0    10.1   237.2
   1989   8   20.2    10.7       0    61.5   202.7
   1989   9   18.0     8.7       0    11.7   126.7
   1989  10   14.7     6.9       0    48.5    94.2
   1989  11    9.2     2.9       7    34.8    74.2
   1989  12    6.6     0.5      11    63.7    25.5
   1990   1    8.7     2.1       6    72.6    63.7
   1990   2    9.6     3.1       5    60.4    81.4
   1990   3   12.1     4.2       4    14.1   141.0
   1990   4   12.7     2.3       6    10.1   212.7
   1990   5   16.6     5.8       0    42.1   195.9
   1990   6   17.3     8.1       0    46.3   113.6
   1990   7   20.6     9.7       0    30.9   223.3
   1990   8   22.3    11.8       0    52.8   214.2
   1990   9   16.5     7.7       0    43.2   124.8
   1990  10   13.8     7.8       0    78.7    78.0
   1990  11    9.2     3.5       4    53.1    54.3
   1990  12    7.2     1.6       4    93.3    46.0
   1991   1    5.5    -0.9      20    47.1    84.9
   1991   2    4.9    -0.8      20    80.0    52.3
   1991   3   10.8     3.6       2    60.8    68.2
   1991   4   11.1     3.1       4    27.7   156.4
   1991   5   14.4     6.2       0    19.3   124.3
   1991   6   15.7     6.8       1    53.9   152.2
   1991   7   21.0    11.4       0    43.9   181.6
   1991   8   21.3    11.1       0    21.2   191.9
   1991   9   18.1     7.5       1    24.3   155.8
   1991  10   12.6     5.8       1    50.0    78.3
   1991  11    9.1     1.6       8    60.0    62.2
   1991  12    7.8    -0.1      14    44.6    68.9
   1992   1    7.1     0.0      15    22.7    65.4
   1992   2    9.1     1.7       8    34.0   102.0
   1992   3   10.4     3.0       3    62.7    98.1
   1992   4   11.9     4.1       2    95.0   124.0
   1992   5   16.6     6.6       1    19.0   220.2
   1992   6   19.7     9.5       0    20.2   194.0
   1992   7   19.6    10.7       0    54.1   168.7
   1992   8   18.8     9.8       0    68.8   184.1
   1992   9   15.7     8.5       0    97.7   101.6
   1992  10   10.5     3.2       7    61.0    79.4
   1992  11    9.8     2.4       6    60.9    78.3
   1992  12    5.9     0.0      16    44.7    27.2
   1993   1    8.3     1.1      10    40.1    52.3
   1993   2    8.2     2.1       7    15.6    54.3
   1993   3   10.1     1.8       8    10.1   126.6
   1993   4   11.8     4.4       2    94.9   110.8
   1993   5   14.3     5.8       0    92.7   133.0
   1993   6   18.1     8.9       0    31.4   162.4
   1993   7   18.6    10.2       0    42.0   162.9
   1993   8   18.6     9.1       0    89.4   162.1
   1993   9   15.2     7.7       0   117.6    86.2
   1993  10   11.0     4.2       5    73.6    88.2
   1993  11    5.9     0.7      12    64.6    34.5
   1993  12    6.3     1.0      15    77.7    67.3
   1994   1    6.5     1.0      12    70.8    72.6
   1994   2    4.7    -1.3      15    53.4    56.1
   1994   3   10.0     3.0       3    31.7   142.6
   1994   4   11.0     3.4       4    37.8   169.4
   1994   5   12.9     5.0       1    45.9   157.8
   1994   6   17.7     9.0       0    22.2   205.9
   1994   7   21.3    10.6       0    44.2   183.4
   1994   8   18.4    10.0       0    49.1   141.2
   1994   9   15.3     7.6       0    69.2   116.6
   1994  10   12.6     5.0       1    58.7    98.9
   1994  11   11.5     5.2       2    61.9    58.8
   1994  12    8.1     2.4       7    66.7    60.5
   1995   1    5.9     0.3      14    75.2    59.4
   1995   2    8.3     2.6       4    62.1    93.7
   1995   3    8.1     0.9      14    39.5   160.8
   1995   4   12.3     3.6       8    27.5   173.4
   1995   5   15.3     5.8       2    31.2   186.8
   1995   6   17.3     8.3       0    16.2   174.2
   1995   7   21.6    11.7       0    24.5   209.9
   1995   8   23.1    11.3       0    14.2   249.8
   1995   9   16.7     8.7       0    86.2   122.5
   1995  10   15.6     8.0       2    25.2   122.9
   1995  11   10.0     4.0       5   116.1    48.4
   1995  12    4.5    -0.9      15    87.6    30.1
   1996   1    5.1     1.9       5    29.9     7.6
   1996   2    5.7    -0.7      19    66.7    90.4
   1996   3    5.4     1.2       9    25.9    29.3
   1996   4   11.5     3.7       8    33.8   110.4
   1996   5   12.6     3.9       3    36.0   190.3
   1996   6   18.2     7.9       0     8.6   217.0
   1996   7   20.1    10.2       0    46.8   182.0
   1996   8   20.7    10.6       0    71.8   179.6
   1996   9   16.4     8.8       0    24.6   103.7
   1996  10   14.3     6.9       0    36.3   107.4
   1996  11    7.9     1.8      13    77.3    87.6
   1996  12    5.1     0.4      13    62.5    39.5
   1997   1    5.3    -0.3      19    13.8    44.7
   1997   2    9.0     2.2       3    71.6    96.8
   1997   3   11.8     3.9       4    12.4   146.7
   1997   4   12.7     4.1       4     5.8   135.5
   1997   5   14.6     4.9       4    54.5   195.9
   1997   6   16.0     9.0       0   174.4   103.4
   1997   7   20.8    11.1       0    67.0   209.4
   1997   8   22.0    12.3       0    48.1   186.2
   1997   9   17.2     8.0       0    11.3   171.2
   1997  10   13.1     5.4       3    31.7   120.2
   1997  11   10.2     5.0       2    68.2    33.0
   1997  12    7.9     2.7       4    82.8    26.6
   1998   1    6.8     1.4       6    92.0    44.2
   1998   2   10.9     4.3       5     6.1    83.2
   1998   3   11.0     3.1       7    59.3    90.3
   1998   4   10.6     3.4       5   151.0   118.0
   1998   5   16.3     7.3       0    71.8   175.9
   1998   6   16.8     9.1       0    97.8   127.0
   1998   7   18.5    10.5       0    52.6   136.5
   1998   8   18.7    11.0       0    44.9   158.6
   1998   9   16.7    10.3       0    53.4    88.9
   1998  10   12.8     5.9       1    96.9   119.8
   1998  11    8.3     1.7       6    64.9    76.1
   1998  12    7.8     1.5       8    27.3    40.7
