89.7
42.3
62.4
54.9
38.6
29.2
183.9
113.2
77.7
50.0
80.0
63.8
50.3
30.5
37.7
78.6
70.6
92.0
101.6
56.1
84.4
27.0
53.3
25.0
37.7
26.4
56.7
32.5
104.2
29.7
110.6
65.6
55.4
101.3
18.8
23.4
42.5
85.3
27.2
26.4
59.3
36.4
44.7
24.1
54.2
79.0
90.5
50.0
30.1
10.9
64.6
94.0
32.9
53.3
55.5
61.8
43.0
79.4
60.6
104.0
57.2
81.3
15.2
81.3
20.4
71.1
7.7
50.6
135.1
91.9
103.2
45.2
86.6
87.7
59.4
37.0
42.3
88.1
77.0
52.4
68.6
34.5
62.0
45.0
69.6
77.2
78.9
56.4
70.5
43.2
79.8
38.0
39.8
42.2
34.1
161.4
50.4
28.5
7.6
2.2
87.0
68.6
58.6
40.3
61.0
79.9
59.5
105.3
121.8
18.5
72.3
28.4
33.8
63.0
79.0
109.0
35.0
142.6
63.4
32.2
40.9
50.8
46.8
39.6
39.7
33.2
133.4
21.2
33.0
77.9
88.1
53.3
85.2
152.5
63.8
27.0
30.1
21.7
36.3
58.2
12.8
90.8
88.3
14.5
49.3
42.2
27.3
20.5
39.2
28.5
76.1
51.2
67.3
43.4
16.8
52.8
80.1
19.1
16.2
24.5
58.3
29.9
39.3
98.4
87.2
42.3
44.5
29.9
22.5
55.1
9.7
54.4
43.9
54.4
86.4
36.5
131.4
82.5
126.2
34.1
92.8
36.9
11.6
32.8
78.2
53.6
40.9
85.5
48.2
93.8
22.3
34.3
33.3
8.1
35.9
46.0
55.4
43.7
75.8
91.9
100.4
41.1
121.4
69.6
48.0
80.5
97.9
87.7
49.6
47.8
56.2
7.7
42.7
14.0
52.7
38.3
188.0
29.1
20.2
35.1
29.2
83.7
42.8
96.8
98.8
39.5
34.1
58.0
14.5
12.6
28.3
38.7
15.5
33.0
50.8
44.5
20.0
61.9
100.2
52.0
41.6
76.8
20.8
33.2
37.9
19.6
100.4
122.3
106.8
22.9
140.8
80.6
29.2
61.9
85.5
28.6
99.5
23.0
43.2
105.5
26.8
44.5
140.4
56.8
42.3
10.7
30.6
43.4
27.0
29.6
16.0
55.7
107.3
73.4
78.0
56.9
13.4
51.4
1.3
51.0
42.2
60.7
58.3
129.1
30.8
41.3
25.0
17.4
56.7
48.0
33.6
10.1
120.0
40.3
47.0
124.7
49.2
106.4
90.7
54.3
54.0
60.7
42.4
14.1
41.1
63.8
24.7
15.6
18.6
35.5
44.6
69.1
82.5
54.1
12.7
18.9
13.7
81.2
47.2
175.7
48.4
33.6
16.3
44.0
43.5
57.2
25.9
6.9
39.5
32.8
76.7
77.1
85.7
38.0
32.5
34.4
34.9
94.1
55.3
30.3
91.8
71.9
51.2
62.6
43.8
34.2
12.2
82.5
50.7
15.1
14.5
38.2
13.3
61.1
31.1
6.4
17.7
25.0
89.6
77.1
107.5
57.1
44.3
27.3
49.8
5.3
84.4
59.3
56.3
172.4
71.0
48.6
103.4
28.4
23.4
59.7
48.4
47.6
93.4
81.9
40.6
76.5
26.5
80.0
48.7
20.6
27.4
52.9
59.0
20.9
58.1
64.0
70.2
13.2
72.8
67.6
74.4
71.8
42.7
41.7
24.6
77.7
33.3
93.7
45.2
33.4
96.8
37.3
10.8
25.0
92.9
51.8
24.6
66.6
41.5
44.0
39.5
36.9
28.7
54.9
90.7
26.8
51.2
60.3
60.7
35.4
93.9
55.0
95.6
20.4
186.1
38.5
50.6
98.6
9.6
79.9
57.0
62.5
67.5
112.6
27.1
100.9
49.1
49.6
32.3
53.0
23.5
37.9
97.9
34.6
69.3
115.3
52.8
87.0
81.3
34.3
25.2
54.2
30.1
47.7
49.3
50.6
102.4
42.2
113.6
65.0
65.6
97.3
47.9
88.5
85.9
45.5
102.0
78.0
44.3
35.8
58.4
9.6
116.9
45.7
90.1
47.7
32.4
49.4
22.7
18.6
46.7
63.5
34.3
22.8
62.6
72.1
45.8
16.7
62.0
48.8
47.7
59.0
32.3
127.7
12.8
20.9
47.7
19.7
116.0
56.0
51.9
30.6
57.3
59.6
50.9
14.6
23.8
11.9
52.7
26.0
27.3
12.1
9.1
70.5
56.8
35.2
78.3
66.2
48.8
41.0
21.6
36.5
74.7
45.3
52.3
16.5
19.7
34.4
65.4
48.4
65.4
76.1
55.1
35.7
43.9
21.6
45.0
59.5
49.6
24.8
61.5
84.5
78.6
20.5
34.2
22.5
46.2
17.5
26.0
31.4
78.9
24.9
30.0
18.4
193.2
142.6
22.8
50.9
101.0
63.6
54.8
33.0
35.3
63.4
9.4
37.8
16.3
41.5
74.2
63.9
80.8
71.3
29.5
34.4
53.1
32.8
61.4
92.7
51.4
20.3
24.7
195.5
49.6
30.6
166.0
44.7
96.5
49.3
25.3
67.3
39.2
54.5
69.1
91.0
66.2
55.4
95.6
16.5
37.4
191.4
55.7
92.7
27.0
67.2
61.8
41.8
28.3
31.7
113.5
49.7
47.7
25.6
36.4
33.5
117.2
95.0
56.6
58.1
64.6
11.4
29.6
11.8
26.5
113.7
25.5
59.5
34.3
89.8
68.8
49.6
30.3
52.3
58.6
102.6
102.4
38.4
20.2
41.9
61.4
36.2
33.0
98.1
83.7
27.7
52.2
12.9
30.7
36.8
21.4
55.7
96.3
39.8
134.3
23.9
82.0
5.7
62.1
74.8
63.9
34.6
59.6
81.5
51.9
21.2
68.1
40.5
63.1
37.6
38.8
109.5
65.5
32.1
24.2
169.1
28.0
31.0
36.2
74.2
39.1
34.7
81.2
59.4
42.7
92.4
84.9
53.7
46.2
99.6
61.3
34.7
79.8
34.4
54.5
26.0
58.0
16.2
115.1
46.0
44.3
75.8
64.7
27.9
7.2
47.6
20.7
50.3
7.7
52.1
10.1
61.5
11.7
48.5
34.8
63.7
72.6
60.4
14.1
10.1
42.1
46.3
30.9
52.8
43.2
78.7
53.1
93.3
47.1
80.0
60.8
27.7
19.3
53.9
43.9
21.2
24.3
50.0
60.0
44.6
22.7
34.0
62.7
95.0
19.0
20.2
54.1
68.8
97.7
61.0
60.9
44.7
40.1
15.6
10.1
94.9
92.7
31.4
42.0
89.4
117.6
73.6
64.6
77.7
70.8
53.4
31.7
37.8
45.9
22.2
44.2
49.1
69.2
58.7
61.9
66.7
75.2
62.1
39.5
27.5
31.2
16.2
24.5
14.2
86.2
25.2
116.1
87.6
29.9
66.7
25.9
33.8
36.0
8.6
46.8
71.8
24.6
36.3
77.3
62.5
13.8
71.6
12.4
5.8
54.5
174.4
67.0
48.1
11.3
31.7
68.2
82.8
92.0
6.1
59.3
151.0
71.8
97.8
52.6
44.9
53.4
96.9
64.9
27.3
